Id,Churn
0,0.0411539951964807
1,0.6392640587929209
2,0.6544127039419333
3,0.013594780939910468
4,0.0047760464035792325
5,0.1572655041916893
6,0.44223121147226335
7,0.2754587625770167
8,0.057507481564043034
9,0.3930526108053159
10,0.21897038672373434
11,0.16987272754685123
12,0.32920309875784853
13,0.12470300586293977
14,0.023348477049098232
15,0.02571554304739927
16,0.19794105015578153
17,0.3420881036108925
18,0.0362301838082294
19,0.014664700101029866
20,0.1737817610849847
21,0.008883563419371134
22,0.7444116075383427
23,0.3326673414399317
24,0.14340721406347637
25,0.48731023241679045
26,0.13568712939382876
27,0.020622928360388766
28,0.0447452470943083
29,0.0047773915418523995
30,0.5684565310631469
31,0.3238491524161931
32,0.7227009089494084
33,0.5758738529935901
34,0.06372214811948629
35,0.038801537795675405
36,0.4890504823083243
37,0.06742908198897284
38,0.12208213621186093
39,0.03868571766765087
40,0.4014489509179318
41,0.6067901434835852
42,0.43915147600612814
43,0.24468364656905597
44,0.344110553919691
45,0.32390775201737293
46,0.16502672321899256
47,0.11977911327566658
48,0.32975251268812583
49,0.24331892800654775
50,0.4046413709775074
51,0.7321920540526485
52,0.29553054839687815
53,0.17568755111493886
54,0.49445164335043423
55,0.008156422048794734
56,0.017590651789058734
57,0.6203089083511681
58,0.6452784627332632
59,0.3226817271297304
60,0.0263418122702611
61,0.5814412710419448
62,0.15344784839641182
63,0.13281046679787864
64,0.7490583688100217
65,0.009993667104842334
66,0.23313782898057475
67,0.44508828674053236
68,0.010693435119279102
69,0.5806763151418856
70,0.5504682680763789
71,0.6002032416568059
72,0.07040938575320037
73,0.541734717806063
74,0.8096462612935237
75,0.024722675686528767
76,0.1559577740063587
77,0.1184043257716066
78,0.1577167593194419
79,0.008439885426739768
80,0.46441508131941145
81,0.7052608893094723
82,0.775407174735765
83,0.18873124872141525
84,0.25931239241935555
85,0.04264990192277083
86,0.065584571941609
87,0.3593475845073115
88,0.3442725539907972
89,0.25931239241935555
90,0.16143935845688068
91,0.20936645572592197
92,0.7955340085363122
93,0.7629961090805627
94,0.005255607495135533
95,0.03391257053635747
96,0.1918060671756776
97,0.5925064452047929
98,0.32587982384565095
99,0.6621461389254075
100,0.0188401661208402
101,0.7674749611145809
102,0.004916382036784233
103,0.5330038113838016
104,0.0062713803253561
105,0.7081259362439871
106,0.25342311387006483
107,0.1302788335719592
108,0.009444939782033068
109,0.25960562341564647
110,0.15748266706450906
111,0.07077517134601777
112,0.48538401015818167
113,0.3545371012354816
114,0.006797586310084601
115,0.7850266305722813
116,0.020916628542365995
117,0.007531817079802767
118,0.03818883053945823
119,0.6882680169518158
120,0.10613493670499692
121,0.0528472638131789
122,0.2771881884150164
123,0.36991051314557516
124,0.27058918348186317
125,0.27762197799866994
126,0.6502737504989003
127,0.3110266085534912
128,0.21247892428902948
129,0.16554828558238746
130,0.09202769064713147
131,0.05876735725638269
132,0.0058979168025932
133,0.039341191689939166
134,0.29754568152665145
135,0.0410236046462982
136,0.051536832997107006
137,0.010769693871895433
138,0.05605335666016367
139,0.16640910802954834
140,0.0107063367973324
141,0.012595063665234565
142,0.09256846310982818
143,0.12018451420642536
144,0.3214567280066472
145,0.17744665987566977
146,0.36410235132499086
147,0.009791158259307568
148,0.006717999535345899
149,0.689059266792985
150,0.02810206578180077
151,0.61757082631404
152,0.45093441269549234
153,0.04170172746659643
154,0.30800505712261833
155,0.677924424018621
156,0.044870063665345204
157,0.10642462549082564
158,0.053791728434046636
159,0.10976815964760096
160,0.3307096821080712
161,0.6747090864156435
162,0.11026545919556553
163,0.0352736091339116
164,0.5102553574364431
165,0.07540335911955076
166,0.04325758318822304
167,0.19033463438711032
168,0.030834709979619634
169,0.6197939505040146
170,0.7300652454599095
171,0.01974455138377103
172,0.40637201032566744
173,0.3957035655074881
174,0.10804115590012797
175,0.5892487833299128
176,0.09366196543664203
177,0.09282601120913976
178,0.0178599490448922
179,0.7931842412134799
180,0.15035185541408927
181,0.0848705689159661
182,0.04485723108607973
183,0.11833206134052854
184,0.18440043248644475
185,0.013227140856925834
186,0.11465418433733798
187,0.011151508739332266
188,0.036320097132311595
189,0.018760213814826034
190,0.010720877212817165
191,0.008674807855754535
192,0.1368391888711573
193,0.0425915728973758
194,0.40780532858669466
195,0.11573248130933877
196,0.03756477458178074
197,0.18043536129853388
198,0.41639906881602246
199,0.5029438819315241
200,0.4968236298826458
201,0.6277250952061197
202,0.2140511645530153
203,0.6817883025102146
204,0.1951034146849052
205,0.0098110670563174
206,0.09214475562291786
207,0.5820989508765857
208,0.6749310745984012
209,0.43427072169995523
210,0.3503916112244121
211,0.0882229195854003
212,0.5860438450138031
213,0.015335314475004502
214,0.0121640620023991
215,0.6244717610385884
216,0.80231248068976
217,0.7075500731421472
218,0.2614955869339811
219,0.42417418771315757
220,0.4864621126722127
221,0.018651966397730067
222,0.06959023707362806
223,0.13442245820839618
224,0.0282744535982583
225,0.6059542687492154
226,0.28032076233312714
227,0.059465998701322666
228,0.4311028802530012
229,0.39071867880006184
230,0.005799384513554266
231,0.010434447490756968
232,0.322382104478931
233,0.0094894263416229
234,0.0185045710794795
235,0.0363901162498699
236,0.7142782123487903
237,0.3332280240920641
238,0.0876797197366609
239,0.3885295689698869
240,0.20304611839942907
241,0.022889679544571634
242,0.13193564155437573
243,0.5080708241204648
244,0.0511003874426329
245,0.09775161008451168
246,0.012718474247942166
247,0.0039228206700091
248,0.0945514101474028
249,0.032090666580617495
250,0.0043026854285944
251,0.024284044272320338
252,0.10000927035220718
253,0.43351395901759715
254,0.3802937354403307
255,0.5922116460491446
256,0.10839975758084751
257,0.18441206902537322
258,0.2272002974425397
259,0.6637132476662767
260,0.10950989116553284
261,0.32923963094683645
262,0.27082210352786945
263,0.46972545481759936
264,0.6410127172594817
265,0.34165369805110624
266,0.5632399288547367
267,0.29360299799636463
268,0.22156381852702176
269,0.07995307196742883
270,0.009339030101562866
271,0.005873228728362133
272,0.3390613382367351
273,0.5300015148501305
274,0.06450909279071797
275,0.3824969271610991
276,0.027316163508305433
277,0.057351696150083765
278,0.15684576171532846
279,0.039557862641200835
280,0.5607993597095233
281,0.10047483514842066
282,0.5728315441772397
283,0.0054486107027019665
284,0.1954688955621653
285,0.011050668760146235
286,0.011880259814622568
287,0.005659926463603834
288,0.09580182258223134
289,0.7071854315464616
290,0.41158333644002276
291,0.5722367101643641
292,0.0573399504358719
293,0.5597275809179846
294,0.5828869617763272
295,0.07654341178915153
296,0.09409294481159913
297,0.48973221744074885
298,0.004699155144432567
299,0.28139464301257494
300,0.02528247693870257
301,0.13247939555525584
302,0.12185868391091655
303,0.7090647780257995
304,0.016246794735103133
305,0.20969385962463163
306,0.3268057935713428
307,0.541898238405024
308,0.6813895295666539
309,0.747142309764074
310,0.05984275699314113
311,0.008655960526057334
312,0.1078029979866549
313,0.03705353687590104
314,0.4588919882179257
315,0.742749444368281
316,0.03404502616577957
317,0.33714021374782144
318,0.7535287472449754
319,0.5129357770328621
320,0.4215330841387875
321,0.7027766931899248
322,0.4942430321587546
323,0.11199317209286878
324,0.018450891600934466
325,0.7405368725867522
326,0.015064149843401065
327,0.24109962017322265
328,0.005600378528943867
329,0.3820357606715143
330,0.15213226193814403
331,0.3462717947695157
332,0.27699791637823784
333,0.15810675239610533
334,0.555220307822111
335,0.1335423162378676
336,0.011550901681640366
337,0.32318352272611045
338,0.019491581822856402
339,0.014958312652828565
340,0.513329404288073
341,0.359519803002901
342,0.12595321390883082
343,0.25694176080338854
344,0.010145248616772634
345,0.03990420546307297
346,0.40620807533160547
347,0.42284290041527123
348,0.009085108450519333
349,0.3780097805776253
350,0.0590124478928252
351,0.0242684214052323
352,0.3677322109697152
353,0.059645123960426906
354,0.3235401075366516
355,0.013859353091167365
356,0.7316860460242743
357,0.587150104149612
358,0.6904679918133204
359,0.5284699159931023
360,0.22440610913506212
361,0.011992690003391334
362,0.39908324535979794
363,0.1130145406973004
364,0.2968001402329485
365,0.0076605888660515
366,0.05276139928407939
367,0.20148879616993945
368,0.08479968313216431
369,0.08495170415451347
370,0.07694019613573923
371,0.34761080775181347
372,0.0402500062822443
373,0.7936465303246151
374,0.012051710294134233
375,0.14128289846378483
376,0.22277450615490016
377,0.15444847494697053
378,0.6520864443062603
379,0.45833490147489925
380,0.3192175642550261
381,0.05081524385388344
382,0.04068172269575593
383,0.35253373191696147
384,0.2716556091829398
385,0.47488562490502995
386,0.5188137511831878
387,0.015888266323373333
388,0.0067799401751718
389,0.0114215409632977
390,0.723648862160622
391,0.011554795516963265
392,0.5853486463571754
393,0.4450835635506512
394,0.07626473350749273
395,0.42821871289561025
396,0.03946014503215937
397,0.04339744904971283
398,0.15190016350779492
399,0.014327116517437533
400,0.3250938563907276
401,0.12223332013762338
402,0.0100291950863718
403,0.19239820961095574
404,0.011785040489559266
405,0.5416058123422033
406,0.6415575560183557
407,0.39780848340365865
408,0.26646885267112874
409,0.0173281737532559
410,0.05425343949687147
411,0.049631448266816536
412,0.589405889735132
413,0.5249888956731446
414,0.33010830754366216
415,0.17065888311166924
416,0.02423341534153453
417,0.46087002478670475
418,0.06015571337277329
419,0.07887175364465628
420,0.47969774583459107
421,0.22377947872861595
422,0.44505233036195807
423,0.12369623452767907
424,0.06808146777353584
425,0.6143704567273092
426,0.19982775085024787
427,0.03923669749516923
428,0.798202592714237
429,0.23892802342263844
430,0.02041878618952
431,0.10313836629452537
432,0.5435533426797273
433,0.5891327024252265
434,0.5926294491636664
435,0.6832783235239487
436,0.013665153608195167
437,0.0206054343039647
438,0.21697457448281088
439,0.4844114291907719
440,0.13830304688154293
441,0.30952308410858903
442,0.17530500549284353
443,0.04687895638381414
444,0.3124337772694487
445,0.005978769279104766
446,0.012749032128146232
447,0.021150796939360866
448,0.4357732377818495
449,0.08327700396827657
450,0.5825357847725403
451,0.5098650318202465
452,0.009520110966524034
453,0.5892099256452986
454,0.042169514737347126
455,0.17967908673792277
456,0.18390451004535754
457,0.0070578585041384005
458,0.018661555019602368
459,0.06766766267984843
460,0.20603239688868039
461,0.008499356434289932
462,0.012393793666598199
463,0.037048947810134465
464,0.42565212824268944
465,0.1845214059845263
466,0.014000864592905
467,0.7088717792957251
468,0.2231566057556923
469,0.039544806324117006
470,0.49629691545483445
471,0.364094539493056
472,0.32861915659947827
473,0.2773417839498891
474,0.5973346602822548
475,0.03525659036213543
476,0.7006279373889779
477,0.0354884848006893
478,0.0594025514724816
479,0.18340861251820742
480,0.33166811843540966
481,0.015209611001700166
482,0.29061402382975965
483,0.5707434682004399
484,0.07687533176085057
485,0.353421271997479
486,0.5123207276176639
487,0.27292727092602714
488,0.014380501667691366
489,0.04813648342305563
490,0.7499803196770843
491,0.3843032260298586
492,0.2532734898210059
493,0.06747101277411867
494,0.06258116766289444
495,0.0168622356070557
496,0.049451720614168304
497,0.0445457299252811
498,0.6127140848744271
499,0.0644392168844798
500,0.7321446741767446
501,0.015393340611322867
502,0.19982201157431004
503,0.41379885947565215
504,0.32109018659174104
505,0.012681096784553134
506,0.14004777668167634
507,0.25739771864263933
508,0.5651231937693212
509,0.10128709528286602
510,0.7486444408687257
511,0.2925964087705111
512,0.56040563249271
513,0.4401165326527369
514,0.161289969610628
515,0.07522548437035582
516,0.25305048599689695
517,0.8389098460970542
518,0.5082166534441829
519,0.007238354672452433
520,0.545630342262684
521,0.0411158386527726
522,0.0111259200012577
523,0.15893828497916415
524,0.8024082215349996
525,0.14763461580670226
526,0.40860296362858667
527,0.11622181003295994
528,0.6147174106207894
529,0.09310144729363623
530,0.029342566865995536
531,0.07249092926323918
532,0.14574602111573987
533,0.32125902634662623
534,0.7463830227348086
535,0.5980762041129924
536,0.48262586545791325
537,0.055556651229787334
538,0.42430980343650576
539,0.1545654690415272
540,0.4966663736181496
541,0.7078874325019061
542,0.20369906876109178
543,0.14212214917515176
544,0.1567997877620916
545,0.3934179214481978
546,0.46206920897018167
547,0.02601044246553713
548,0.38136828888282626
549,0.04253905274422624
550,0.09521834855693385
551,0.021371882694529734
552,0.007655360024795666
553,0.18642364421781277
554,0.08496947173536407
555,0.05557738568124313
556,0.6817118905569589
557,0.6094684088908476
558,0.08670500335410743
559,0.34943791430619203
560,0.4723861800854801
561,0.0056919072006161
562,0.0210029302231565
563,0.019799673226578798
564,0.2467983850677983
565,0.35086089417640953
566,0.6935141383396507
567,0.09930390282647782
568,0.49641921018305607
569,0.08111512521366666
570,0.007407383706100633
571,0.6572146895624059
572,0.6882931863625048
573,0.19498022188606468
574,0.008825160207785699
575,0.2906947436549052
576,0.2715705873022472
577,0.5120441311278744
578,0.323828724798832
579,0.6783978018195406
580,0.017223017788550333
581,0.638649061832787
582,0.0063199349289762
583,0.0186830136912347
584,0.24532589778415692
585,0.014516677958764332
586,0.15909066485912102
587,0.059881079317865536
588,0.797065868485176
589,0.37688451783887067
590,0.8254730862053
591,0.06573735520882162
592,0.6520459683386973
593,0.0540704488763827
594,0.4429023411524122
595,0.5691567884986248
596,0.0052636409673447
597,0.4011293250774042
598,0.43365860976150433
599,0.026539633318656036
600,0.0060370133327938
601,0.20356503708772114
602,0.09934175017699287
603,0.5861414760798703
604,0.020398601414707035
605,0.2664134628468785
606,0.13523706813525518
607,0.5907131659892566
608,0.045719387174505
609,0.18535616488217513
610,0.5453650618181233
611,0.18291966795570602
612,0.402946937284852
613,0.16386637876962937
614,0.05158504148560256
615,0.010841891951392867
616,0.5268691230637672
617,0.13428244820469423
618,0.0175202569863785
619,0.2738555970940238
620,0.039804247966775334
621,0.37098873433390417
622,0.5951270464119056
623,0.8111743047659034
624,0.0385986845469465
625,0.14076293110627378
626,0.016880106280220335
627,0.02912816836340747
628,0.5820528180241349
629,0.15436211762747287
630,0.5093642785450577
631,0.046778995480657136
632,0.5901973813938026
633,0.028271470825879035
634,0.5890962791214678
635,0.013867328746965633
636,0.06468854051144907
637,0.20705733705989382
638,0.2005982475516156
639,0.6344181240156784
640,0.7755365362330936
641,0.23484369282298354
642,0.15444448559951732
643,0.15042239714142777
644,0.3320554732464473
645,0.03486445573111086
646,0.08631953068804192
647,0.07944664411014592
648,0.006284377988934466
649,0.0896507978396061
650,0.0195447507201158
651,0.7536399838037252
652,0.024945518588005835
653,0.20631683827096028
654,0.2007268694419281
655,0.5894240975148395
656,0.20396061972423907
657,0.13873832148342605
658,0.04870664421898604
659,0.3486562232773765
660,0.06440133118098372
661,0.0373606829313548
662,0.3452996638909586
663,0.282165635158479
664,0.024137984350819503
665,0.6819601782323134
666,0.8364353158770815
667,0.15782770894313394
668,0.021200432286712135
669,0.009838861764336066
670,0.03859791134903247
671,0.4907145963566432
672,0.6108958459809144
673,0.3629062819201077
674,0.687926924359107
675,0.12066636420393739
676,0.009444430712681666
677,0.26900928223141984
678,0.2960109224433072
679,0.6725129111875825
680,0.47257195179038275
681,0.15089779274592896
682,0.022043636147220335
683,0.4638935876272439
684,0.0490917629834333
685,0.3695980979320154
686,0.0428738882810866
687,0.015511539752154834
688,0.40337835079433165
689,0.2615662369789403
690,0.6510660790231192
691,0.7941583505788969
692,0.3751541039734561
693,0.2843195638773235
694,0.0399111106157276
695,0.5876684916678204
696,0.33241902841442955
697,0.0098776134366265
698,0.02740635987342747
699,0.11217721536103409
700,0.06807092666455829
701,0.14605337790193781
702,0.09368346597832918
703,0.0998531857520102
704,0.8176360085409572
705,0.012746615693470431
706,0.09638321370339016
707,0.6947933393240143
708,0.0130791873947173
709,0.09029192897673137
710,0.056777042380301505
711,0.19826054178556182
712,0.2492365466416233
713,0.23438330932783144
714,0.17696831300876503
715,0.13877029942520333
716,0.7150379259204352
717,0.0197048392078718
718,0.422052531625624
719,0.788847142300921
720,0.11855407111199874
721,0.17828482352277109
722,0.24030711630928892
723,0.4941699203478742
724,0.09902101100505804
725,0.7102803552666733
726,0.018557257374165068
727,0.5005622042642003
728,0.23619011485605157
729,0.03817149392937361
730,0.006698285136392267
731,0.6897446579732772
732,0.007466324861288634
733,0.013463764766571268
734,0.05100310703958807
735,0.6217219183934711
736,0.010146242546032767
737,0.31596790232643257
738,0.37818726702332683
739,0.442753249293919
740,0.33896280274451845
741,0.38790099606774064
742,0.3542431390596823
743,0.4638960474219622
744,0.1413385137273436
745,0.1899920933662174
746,0.0691125050868065
747,0.311671849842663
748,0.0081900795401451
749,0.6023133540013518
750,0.3992823024454409
751,0.027895722407327867
752,0.197565655291422
753,0.09029821689404076
754,0.6396218753038933
755,0.11426904739046784
756,0.20204467628189846
757,0.3983570604921658
758,0.052462024298303996
759,0.7096920759010157
760,0.4165548734400977
761,0.6031209159190687
762,0.7566729904553601
763,0.1451416243813477
764,0.14978763602102596
765,0.109084633388515
766,0.48366186228511904
767,0.09243463452277012
768,0.13949174951119397
769,0.3585311993689991
770,0.5883852013757466
771,0.03442447356903303
772,0.6973733696010048
773,0.17995085045860637
774,0.5475040052155027
775,0.06625666347454735
776,0.05651876115863543
777,0.5888844556195361
778,0.04587160740182077
779,0.5888429027713048
780,0.0802040829725655
781,0.44034991217956027
782,0.5408984477623788
783,0.6209787786356201
784,0.014108030119817433
785,0.5737025374469399
786,0.13612424376089918
787,0.19496310479303267
788,0.496317380061665
789,0.025294121949197265
790,0.5707300448496676
791,0.6061361071011789
792,0.024862013503900868
793,0.5519993591685277
794,0.6298334564397846
795,0.5607302204292046
796,0.3156043177721954
797,0.010234459640944433
798,0.07782390347074687
799,0.0346614971503472
800,0.25538750723979353
801,0.3560986107143646
802,0.023126282793287666
803,0.7018303276916767
804,0.006562606388626234
805,0.1951737717910135
806,0.0081523386647752
807,0.5519956668229399
808,0.18187358181667312
809,0.27493038969621525
810,0.15084282212476308
811,0.2981986978778885
812,0.3284714390921339
813,0.18058466135294107
814,0.04042271498759357
815,0.6683468529545835
816,0.16930839484779084
817,0.35773075320952197
818,0.02075548145901503
819,0.040905377011299295
820,0.11540092613145143
821,0.7731867402549741
822,0.008481688718085167
823,0.03198906843018814
824,0.09560091866291005
825,0.038293819664385935
826,0.019242071288970698
827,0.4504616156238039
828,0.6925706135853514
829,0.6732485189311156
830,0.8152435730842006
831,0.7759270974521012
832,0.34380886561305685
833,0.3928401223390477
834,0.2760086771416941
835,0.4270721754404276
836,0.07804251457737683
837,0.6822312645816687
838,0.46825240393511974
839,0.35773694737265466
840,0.3302575611292103
841,0.28632951937738454
842,0.16751707120365697
843,0.4241183203760404
844,0.0142832689502736
845,0.4197905354015224
846,0.5525213592200787
847,0.7911582454026885
848,0.018643668074105432
849,0.30463086429388536
850,0.36682366772326375
851,0.11056778990691803
852,0.015077434790566132
853,0.2825169604584026
854,0.32839428285560057
855,0.06986606740737293
856,0.5109474318058759
857,0.13703947110740977
858,0.6703805159552133
859,0.008896606027455366
860,0.5417414103351922
861,0.09169158675750395
862,0.09790972276247478
863,0.5526098640370095
864,0.1810960650803273
865,0.0200776338466072
866,0.07343328776533453
867,0.4621081316276768
868,0.28148759758364195
869,0.4280012897273737
870,0.6493084707335045
871,0.1119834341191863
872,0.11483600855778542
873,0.5508252531125283
874,0.6147198099824694
875,0.5594719141636114
876,0.2698031744455351
877,0.11120339907593874
878,0.01976855792463843
879,0.14658119108904
880,0.1589897797328087
881,0.0716338213859012
882,0.005805485245737333
883,0.76518851161724
884,0.0391497330339425
885,0.3658070153340585
886,0.318188934616592
887,0.016308870403370566
888,0.07037307588222573
889,0.24742343248968812
890,0.3194720803256046
891,0.09855761830412575
892,0.0098146562567663
893,0.7474343620322265
894,0.07053103419441137
895,0.02601076535016363
896,0.03820786809299417
897,0.43484307028044716
898,0.0720263616778818
899,0.7926805209359312
900,0.016982555709704833
901,0.27901507153238303
902,0.11935743151427415
903,0.0683518973403433
904,0.2095470154634318
905,0.008255506647843901
906,0.5549874191497007
907,0.006532737431009433
908,0.03731854587080024
909,0.7091962228676442
910,0.013602924978771134
911,0.036139747475476165
912,0.0075017521906574
913,0.5267409580011039
914,0.14691168710522398
915,0.041851834453958965
916,0.7196204298150625
917,0.47440717900808366
918,0.2695999193347771
919,0.7096970242587576
920,0.19909422509586475
921,0.7652312236908893
922,0.20436217809195334
923,0.06311433899695806
924,0.5889550468796436
925,0.10552418963614683
926,0.10358130184212383
927,0.34428698368576877
928,0.09222322717562992
929,0.16528671225804914
930,0.6682859218815186
931,0.4761327156296519
932,0.7295999852989398
933,0.042108752176057335
934,0.10077867795651933
935,0.04047652384873896
936,0.007733032466931233
937,0.3242221247224962
938,0.17463707154818994
939,0.0231056024012733
940,0.006043429551294934
941,0.6145214570078261
942,0.5193488772422691
943,0.0072696626745712666
944,0.15697038096843993
945,0.6720599827042427
946,0.2915400046993952
947,0.03400054584842573
948,0.09991195195418241
949,0.4417795728839932
950,0.7249319675036441
951,0.039565723190778765
952,0.36055642670915694
953,0.436233857193979
954,0.19527006229959976
955,0.1372973009551559
956,0.1319799242230536
957,0.3776869122702184
958,0.0479467717372384
959,0.1148745899278893
960,0.41566228409435246
961,0.457158587561282
962,0.18090846167609345
963,0.018581492803100435
964,0.533355738152562
965,0.7313359450404947
966,0.2591461920377362
967,0.012109530808354467
968,0.11517122738707714
969,0.04676678554894781
970,0.013244447594698101
971,0.023458547868867235
972,0.4280428443829533
973,0.14041646698854973
974,0.0062643147577090335
975,0.530948508077634
976,0.09948340472955348
977,0.0655067624298058
978,0.47302984890105654
979,0.049680013603133094
980,0.6568970458301684
981,0.12192080805891344
982,0.4297939752814915
983,0.006529169081555333
984,0.5701063918208874
985,0.033960584815715865
986,0.05647819556857344
987,0.595883026689592
988,0.39948798412309
989,0.0394231743572569
990,0.6743147140717883
991,0.6299161782607372
992,0.19486794352356243
993,0.12226129948200719
994,0.6671477471936679
995,0.4258409745197951
996,0.18358378832903277
997,0.004405718862970201
998,0.8094346610243434
999,0.006802943971034867
1000,0.0212849454086822
1001,0.2744994119156445
1002,0.2602596077800711
1003,0.2164509335087017
1004,0.4624528399785064
1005,0.006506464698445534
1006,0.0206404479904273
1007,0.053693237491313626
1008,0.0731214799669809
1009,0.17449931822617912
1010,0.5921092672015583
1011,0.40079760854117263
1012,0.14365151766345458
1013,0.22740817331839666
1014,0.102072465293869
1015,0.012145340139271132
1016,0.004579383970778066
1017,0.1291520860552561
1018,0.6155501813595419
1019,0.7874191327271816
1020,0.6500253841281224
1021,0.009144938459240099
1022,0.11188897001108444
1023,0.017560613933420833
1024,0.09893703613233996
1025,0.8102209918841584
1026,0.5144313687393692
1027,0.0669176768068751
1028,0.0583135376396996
1029,0.7043428307014173
1030,0.22590676447959104
1031,0.005242108139966867
1032,0.055618324185048064
1033,0.12312936107441419
1034,0.08305239929234409
1035,0.49062327050084914
1036,0.6207750023583448
1037,0.14657026632273853
1038,0.23107624683116426
1039,0.009443876448914701
1040,0.4593989568080132
1041,0.231255877819566
1042,0.5663397493992924
1043,0.007098950733340899
1044,0.0689995553917917
1045,0.0060430959896469
1046,0.014165157127990801
1047,0.26071090883971665
1048,0.6812297771642125
1049,0.060468328802328226
1050,0.25665043324952713
1051,0.12632337340561772
1052,0.13438139736160273
1053,0.024249033249766332
1054,0.009750110148921668
1055,0.05786353305872993
1056,0.1416453875339426
1057,0.10616771207186783
1058,0.14017499226303642
1059,0.5654047445002962
1060,0.38878035366733205
1061,0.05652744975060903
1062,0.0830003583708377
1063,0.0332673970152001
1064,0.13900056699641064
1065,0.3788488425089387
1066,0.09501557406104529
1067,0.1622750966945591
1068,0.020638392087487533
1069,0.0045794631791147
1070,0.043300028787005035
1071,0.1430680371603256
1072,0.09993959897285838
1073,0.1406398789252241
1074,0.03630562617454774
1075,0.0133613110615489
1076,0.06274750402930214
1077,0.32402156448393243
1078,0.18055413992579494
1079,0.6031039664828074
1080,0.01862863187546807
1081,0.8214105270089173
1082,0.5231619630648867
1083,0.04792881488094771
1084,0.5207549798144123
1085,0.3863701860540636
1086,0.44469216158200947
1087,0.021904689765806767
1088,0.6582935643208323
1089,0.7759930096444673
1090,0.16894339110845
1091,0.6632567861208652
1092,0.047136826361968635
1093,0.5629130286847083
1094,0.38873303970925965
1095,0.06067500877125257
1096,0.03540762379451007
1097,0.2213308530767654
1098,0.32479416391536425
1099,0.12662711741253543
1100,0.46396150482747317
1101,0.33583522197483145
1102,0.15049068577454583
1103,0.04025575798939977
1104,0.017147339687006102
1105,0.12387656751798741
1106,0.011646779921535967
1107,0.03973726676155777
1108,0.005097212852449867
1109,0.20969256644266812
1110,0.7077049782401509
1111,0.05790753357271747
1112,0.005088419095590866
1113,0.12921765152949713
1114,0.07056972883557944
1115,0.5404199723365409
1116,0.21266254125714848
1117,0.1475162372474177
1118,0.03405718049733087
1119,0.1564626270608134
1120,0.06372232019710826
1121,0.1712809047424941
1122,0.47370816688512485
1123,0.5256635308833083
1124,0.012693242571709132
1125,0.01842659345452567
1126,0.35870608404225063
1127,0.44761739341082524
1128,0.18040539080340243
1129,0.40777017525268106
1130,0.3929576846571261
1131,0.0263126176992502
1132,0.08494309384838523
1133,0.18703324386162254
1134,0.6166656215162573
1135,0.578857324924794
1136,0.008396686660833265
1137,0.0516946493564539
1138,0.5010669490836848
1139,0.0080613072061567
1140,0.6446823365240966
1141,0.5614729701546559
1142,0.09116353017477918
1143,0.09254654405023799
1144,0.47184805322796325
1145,0.29979355119090073
1146,0.1565300704371785
1147,0.1523199232577821
1148,0.007602972499301134
1149,0.039583241627492965
1150,0.3884105782048514
1151,0.407599503198612
1152,0.4210456567024998
1153,0.006325933694571634
1154,0.22396485747315298
1155,0.16833345016168508
1156,0.0043549235904545005
1157,0.19839796476023655
1158,0.46665213253652604
1159,0.778814495463979
1160,0.005624504549167232
1161,0.3033159981335392
1162,0.2585367844819361
1163,0.2609049174225242
1164,0.009183621851692267
1165,0.58899766916968
1166,0.13355438669190844
1167,0.0086665032744894
1168,0.16825238306276888
1169,0.0047590232423309
1170,0.07166461631293734
1171,0.04429748875079657
1172,0.23659711871177272
1173,0.07325636047931304
1174,0.12477606834575077
1175,0.6194755462103098
1176,0.19226357236185707
1177,0.0201504509753876
1178,0.5183559515184043
1179,0.0819950829748028
1180,0.030136268119767162
1181,0.007897960283160567
1182,0.27994218772972146
1183,0.05888000061332673
1184,0.109209152207019
1185,0.17605363759188256
1186,0.6598027108636387
1187,0.520274196755262
1188,0.005132803746305499
1189,0.11274933346448242
1190,0.1401250600951191
1191,0.0332793331761655
1192,0.22057553070334138
1193,0.41958801296626214
1194,0.540705074803443
1195,0.06446634074150207
1196,0.12729856676523407
1197,0.07030334228677954
1198,0.029598234548424168
1199,0.2436182494644469
1200,0.08055958397346356
1201,0.0216463124148765
1202,0.028895504707145567
1203,0.5404044498921893
1204,0.23570810351460106
1205,0.22166868327187195
1206,0.491383065113644
1207,0.06662432213168656
1208,0.47582707988164247
1209,0.07177998366716766
1210,0.3854286768976145
1211,0.0353335933868826
1212,0.06820091073167388
1213,0.8191616279424672
1214,0.1537480872202399
1215,0.40522363174013803
1216,0.23458217206939844
1217,0.6455993391090188
1218,0.29264834681401847
1219,0.0915712401346712
1220,0.008217198815096366
1221,0.35430837261432807
1222,0.8020112141914661
1223,0.3609167314888537
1224,0.04572105902459473
1225,0.3985174564152505
1226,0.7094938018872003
1227,0.6439279039581792
1228,0.5820167515976505
1229,0.7465553614527013
1230,0.008767627470146798
1231,0.6081178210202922
1232,0.6770942684870898
1233,0.5378564216470697
1234,0.21627678261919314
1235,0.006443340504087833
1236,0.8354544284950466
1237,0.49871235149490056
1238,0.5982859738843737
1239,0.010282500022762901
1240,0.24153359990163373
1241,0.08631479952207553
1242,0.009070850707832633
1243,0.7452263002063496
1244,0.0064516820376877325
1245,0.09025078482057507
1246,0.4396187287469393
1247,0.16124623791440837
1248,0.10263237059010359
1249,0.13397606445015386
1250,0.046443002600191664
1251,0.3923066757933706
1252,0.0066182210364695996
1253,0.8135583300098578
1254,0.14129862087610165
1255,0.0042702594222371005
1256,0.5906982799846419
1257,0.5762824041636537
1258,0.004674592650617033
1259,0.4406111619040929
1260,0.7864726100757026
1261,0.0173905224759028
1262,0.2223091015430556
1263,0.332514009917246
1264,0.26012594818333734
1265,0.2985411062244718
1266,0.466042032700505
1267,0.345176484004266
1268,0.5613554538987585
1269,0.3581528371895013
1270,0.0115926618906911
1271,0.010015716672017899
1272,0.12399435367090772
1273,0.02448664525323897
1274,0.0102911667931625
1275,0.2242804386391228
1276,0.015401952667516866
1277,0.004155031604588333
1278,0.10418848097217659
1279,0.29275219816871384
1280,0.040635534082119264
1281,0.5913331825493126
1282,0.7430183590205255
1283,0.2872496373047346
1284,0.6007433466012363
1285,0.12787559388850867
1286,0.10013662552844481
1287,0.5514614734331379
1288,0.575862759202562
1289,0.02934036503443217
1290,0.22283558384446148
1291,0.5336394158835879
1292,0.07309141298713806
1293,0.019738041440228567
1294,0.2678320856182825
1295,0.4115742426989521
1296,0.05109056240112917
1297,0.3313955746983379
1298,0.5087559935983553
1299,0.5191271641919671
1300,0.6573586450619945
1301,0.7828172177237479
1302,0.07689002558411026
1303,0.65505405883756
1304,0.15860203973080064
1305,0.0878872009589939
1306,0.2442719269158359
1307,0.04275536074234446
1308,0.16085638490736695
1309,0.7666936007410338
1310,0.10706498659415127
1311,0.47257815693699906
1312,0.40152412672154253
1313,0.03085746397699363
1314,0.023195511294587537
1315,0.3734518759554865
1316,0.005894414489066133
1317,0.5076632259755455
1318,0.035655214407163495
1319,0.006332369623192668
1320,0.17107829249519427
1321,0.0085509345967335
1322,0.4253300103782622
1323,0.309144417797777
1324,0.07576282234809327
1325,0.47857171850469166
1326,0.5701330509486239
1327,0.13493201554450865
1328,0.686513760580373
1329,0.3251001833863425
1330,0.7414077678000833
1331,0.222929235137198
1332,0.18387564821890834
1333,0.18186458158201768
1334,0.010478629779523635
1335,0.6792754064080011
1336,0.032802085222163
1337,0.5982557045718636
1338,0.006575116491392668
1339,0.7468960566356903
1340,0.024153431513699836
1341,0.29628211855642556
1342,0.017875687814849033
1343,0.09714563891272027
1344,0.041265408972128
1345,0.1196080465876694
1346,0.05401676754467544
1347,0.01591675790905253
1348,0.7289326484913813
1349,0.024371192977402104
1350,0.0167922171715832
1351,0.027983019956720534
1352,0.03260038020504424
1353,0.3787423766769396
1354,0.26703087033754563
1355,0.5925225864749325
1356,0.08909526567319492
1357,0.39649736293635324
1358,0.009061814051159233
1359,0.23709986005564165
1360,0.1669464370818653
1361,0.14099846772155963
1362,0.5764798742390529
1363,0.020408558370734697
1364,0.16421766947265393
1365,0.43337743131440337
1366,0.24195854090692656
1367,0.024268746041463497
1368,0.15710548542144728
1369,0.0635679472935738
1370,0.06044590729790777
1371,0.6983737598453073
1372,0.017796500125603167
1373,0.20511124497087008
1374,0.0205265125661673
1375,0.25297272814051325
1376,0.08782230919867351
1377,0.4499915597342059
1378,0.33878443556063464
1379,0.21050132227286103
1380,0.7328664998071716
1381,0.5498743411168688
1382,0.48294870005913143
1383,0.005960235101359766
1384,0.4421806162108514
1385,0.7050533439907486
1386,0.5755936887768534
1387,0.0654909067534709
1388,0.5939154135405413
1389,0.5384517482654411
1390,0.5907721075147968
1391,0.026566010482000097
1392,0.7541677173501532
1393,0.12394047058709594
1394,0.012392832072406301
1395,0.46139208882700133
1396,0.12432574831519623
1397,0.008284383247787167
1398,0.26734951713836924
1399,0.22300245766359547
1400,0.2635731001800426
1401,0.05126838466442204
1402,0.4426117045070271
1403,0.010541811044140268
1404,0.14932470903815617
1405,0.1556231786053035
1406,0.3580770737783456
1407,0.34783633440229006
1408,0.1126207003864471
1409,0.0056554244231122
1410,0.06140922648313699
1411,0.0096284030322915
1412,0.43442513765833257
1413,0.546462983921162
1414,0.031053808655285165
1415,0.1248257269563638
1416,0.2240423679596619
1417,0.007294417699838333
1418,0.10089572216060307
1419,0.3463545883740955
1420,0.06290001250698087
1421,0.0063855773525476655
1422,0.013333273613925034
1423,0.0070826762647755665
1424,0.09090994455415653
1425,0.06548557403790277
1426,0.04256711326401073
1427,0.1028327581864459
1428,0.7690616281964809
1429,0.4529158675187373
1430,0.15611016413534198
1431,0.3774711036789835
1432,0.33702956654925026
1433,0.0120011300218189
1434,0.6371106014857277
1435,0.2759261306966904
1436,0.3193905812885925
1437,0.1564001761487209
1438,0.41033105450516144
1439,0.4526763008522914
1440,0.2861894545703683
1441,0.4844341613951156
1442,0.14719778459580893
1443,0.5743832917582942
1444,0.19001416125376772
1445,0.14805816928228957
1446,0.2546479942960714
1447,0.2118973930870678
1448,0.07830844426707503
1449,0.793482686074363
1450,0.05421745697696893
1451,0.6120402435402976
1452,0.5029987833791145
1453,0.011861608549269468
1454,0.16484619152218824
1455,0.04595014770716283
1456,0.07951112244578078
1457,0.25983935157441534
1458,0.26501987170629565
1459,0.7724297717313227
1460,0.693109873807972
1461,0.0081209419172166
1462,0.009272783709064767
1463,0.3417947298644113
1464,0.49884753955883276
1465,0.5252243093022184
1466,0.03846821655016163
1467,0.0128187868681754
1468,0.0183584949235219
1469,0.47299637163807695
1470,0.3097897392622888
1471,0.046800832707843736
1472,0.352815530195768
1473,0.34765335403771913
1474,0.3949784945140675
1475,0.7917832759809068
1476,0.053651980889758866
1477,0.0149416389434114
1478,0.3127064231835392
1479,0.3855095269370407
1480,0.011830418186913466
1481,0.40388775261242454
1482,0.0066553248013553655
1483,0.16492811675603272
1484,0.19561410321175862
1485,0.34380886561305685
1486,0.0387692422904467
1487,0.09856543812404987
1488,0.29666101677009304
1489,0.18238697886016594
1490,0.6669298759461638
1491,0.015150568721669101
1492,0.006377690960638167
1493,0.22607796747578904
1494,0.6649718994609123
1495,0.33781692924105355
1496,0.2813791709800171
1497,0.15544550924465936
1498,0.22112198574424272
1499,0.15825450845705916
1500,0.045156669751424565
1501,0.05803496890833157
1502,0.004966136383053367
1503,0.10567259377531583
1504,0.8468802377851836
1505,0.3709380080851476
1506,0.6642428490039198
1507,0.21350565727641765
1508,0.6501380103569628
1509,0.3900580717436825
1510,0.11031247425629824
1511,0.0364021079853581
1512,0.10972512724457713
1513,0.22601595708274935
1514,0.04030999000644463
1515,0.48174779349063873
1516,0.07034343175924034
1517,0.6513704051423815
1518,0.37179551509286535
1519,0.08348927160882402
1520,0.03212020269359143
1521,0.08710453149166912
1522,0.022464029205173167
1523,0.22721371179018143
1524,0.013559397928856467
1525,0.5564044842162236
1526,0.07929263685496261
1527,0.7012525282710985
1528,0.15143197872591072
1529,0.5561522239086173
1530,0.16853772986302315
1531,0.10742471249178809
1532,0.007587490559228934
1533,0.13608301370342837
1534,0.03576074012318547
1535,0.14467338622174478
1536,0.056612231828529834
1537,0.3664051401653712
1538,0.004745104645239467
1539,0.4558231205972992
1540,0.07315861857004337
1541,0.6066080447475194
1542,0.3861986289758388
1543,0.006173790442853134
1544,0.02567782458689453
1545,0.5815624378527682
1546,0.1528142336419079
1547,0.3455759959393046
1548,0.4644973547832975
1549,0.08803784265964058
1550,0.6983952366759475
1551,0.6577099936150641
1552,0.42776390868315856
1553,0.007443287741415067
1554,0.010660917071652733
1555,0.03445835746455057
1556,0.33347505224832713
1557,0.5208833947425456
1558,0.048875367156612864
1559,0.009123943462229165
1560,0.26307608092003587
1561,0.018682697049909467
1562,0.05193247454128686
1563,0.5291720050935996
1564,0.1115167244568042
1565,0.20501288266032372
1566,0.021732733791749767
1567,0.054544148076337506
1568,0.6193107842989494
1569,0.0108218721583824
1570,0.3888867406979973
1571,0.08598816136389693
1572,0.20979078008095864
1573,0.015985078753906135
1574,0.5314657616195296
1575,0.7997790531656176
1576,0.04481533124060486
1577,0.0507643838820148
1578,0.253148602661511
1579,0.30445698804455873
1580,0.6503198483295245
1581,0.0426536509474007
1582,0.36055642670915694
1583,0.009966450858776033
1584,0.5453625373776143
1585,0.4553214761483952
1586,0.031256797477258666
1587,0.08091955722516517
1588,0.005972766669274533
1589,0.4719195881146305
1590,0.3552427698199016
1591,0.4019972945470225
1592,0.7572288277265528
1593,0.2308753528316357
1594,0.0040334639928687995
1595,0.2837003417945161
1596,0.15804083847227204
1597,0.1445696864716616
1598,0.09754123348059203
1599,0.4270392500371603
1600,0.6088643193147402
1601,0.3914144397369152
1602,0.7206198183438876
1603,0.6003464781756951
1604,0.03087858821716773
1605,0.22550448456809713
1606,0.13188838421502733
1607,0.20478199417003193
1608,0.0168422286913618
1609,0.5395424062739407
1610,0.049334196691421604
1611,0.2876216641149471
1612,0.7274081093200749
1613,0.13682557942877346
1614,0.2117881354632325
1615,0.21394951239392634
1616,0.34514351071043475
1617,0.1925547420136097
1618,0.5121041872492286
1619,0.4782464769490303
1620,0.021073875588178234
1621,0.326547308929875
1622,0.03848460977784413
1623,0.4130078569512925
1624,0.015917115062397933
1625,0.03392062902219303
1626,0.009088652160360634
1627,0.08970139076464943
1628,0.5444508831088614
1629,0.2850020518439674
1630,0.0773689758129765
1631,0.0271896888901746
1632,0.33209627263743424
1633,0.14480295692247355
1634,0.13345955993835526
1635,0.009059968341076566
1636,0.015072330696843633
1637,0.8400450657127916
1638,0.6361326087995796
1639,0.5351552872145781
1640,0.5225343127512633
1641,0.1739778498180133
1642,0.04146980772231693
1643,0.19295553254425404
1644,0.29455523531660543
1645,0.2803129351329459
1646,0.0353144339588048
1647,0.38026334843258874
1648,0.20185901194112632
1649,0.5773906184743363
1650,0.0562810903843102
1651,0.1316805906414309
1652,0.16760484144640428
1653,0.6340239335194963
1654,0.012316547587598833
1655,0.5197959633703629
1656,0.05212078407112627
1657,0.02425448008107353
1658,0.030857520415597833
1659,0.37262846490322166
1660,0.23231072856299953
1661,0.013463020989133634
1662,0.008891098769243266
1663,0.2873543442343253
1664,0.18693319331902078
1665,0.7762517467450781
1666,0.16623463714125164
1667,0.15189520791182234
1668,0.02275460754074347
1669,0.0786144676841506
1670,0.7627078844682459
1671,0.3373241993045677
1672,0.1205255298974149
1673,0.1372727822831582
1674,0.05949438030190247
1675,0.3408844575908934
1676,0.4451449479447808
1677,0.014791218377580134
1678,0.44129510189888926
1679,0.24868256226579208
1680,0.12226224792196476
1681,0.013344855050959633
1682,0.6578471026257109
1683,0.3815158841389666
1684,0.6457509186555307
1685,0.022838908823466397
1686,0.7101704885817814
1687,0.18667890982925694
1688,0.438719383872062
1689,0.05167638288362747
1690,0.0139477882417419
1691,0.38677552025400813
1692,0.12661694770001242
1693,0.3439813234606
1694,0.042585926412813606
1695,0.20624641895792273
1696,0.4718904421636248
1697,0.2822102991237572
1698,0.11908691839448299
1699,0.1191326769075624
1700,0.0506923436973126
1701,0.19642747650683434
1702,0.025197595167950167
1703,0.030520513970036998
1704,0.6806593837395032
1705,0.11622690088678084
1706,0.4720251644466062
1707,0.22171474345296885
1708,0.571118004115034
1709,0.5359361344220256
1710,0.0081095563232209
1711,0.44175915281979
1712,0.04768223807541893
1713,0.5444600135867561
1714,0.09549983100458721
1715,0.009503835465437267
1716,0.3044132444843522
1717,0.006231391656436166
1718,0.0191973796349152
1719,0.30635130307098707
1720,0.004669212518887266
1721,0.6012497549108644
1722,0.45307153957640584
1723,0.013492700768093101
1724,0.6307298657158055
1725,0.4767881653425616
1726,0.4931931708586989
1727,0.0588317249503461
1728,0.015552469770673033
1729,0.7313390734397878
1730,0.7176032415485974
1731,0.5019849825273234
1732,0.37335987040729446
1733,0.05560588015184087
1734,0.2638578132966481
1735,0.4570876165919761
1736,0.07777712349531947
1737,0.6219951022954596
1738,0.0180498337063713
1739,0.017173352222264134
1740,0.627275217584001
1741,0.20873048326759966
1742,0.005822258237644067
1743,0.2803552780956607
1744,0.0235554457418041
1745,0.01890485799579743
1746,0.31139483783186456
1747,0.015574100338348967
1748,0.0709328521065519
1749,0.005665806754191966
1750,0.3196196832760228
1751,0.5159887713410883
1752,0.19206561400258418
1753,0.7170254992263748
1754,0.07558886759931441
1755,0.06955020668467993
1756,0.1160413783582133
1757,0.020145505229184835
1758,0.7614239624493627
1759,0.5802560474340744
1760,0.012882342173534634
