Id,Churn
0,0.0279136632301358
1,0.6993612068046022
2,0.6566251719402422
3,0.00567733384059405
4,0.00456031636443755
5,0.18252344084986086
6,0.46670600325738676
7,0.2785404498445714
8,0.060744517193119
9,0.43250368911559733
10,0.23588102377900377
11,0.15551005598691753
12,0.34318960007462684
13,0.10276112634078904
14,0.025661656071485447
15,0.0099799665638431
16,0.2117120222451086
17,0.3560970086496746
18,0.0336730685325549
19,0.012261665390256749
20,0.15610651063070125
21,0.007057140810037001
22,0.7667762258449227
23,0.32802112996650257
24,0.13055215765170033
25,0.5097603930853984
26,0.1319869707893485
27,0.01863304466821585
28,0.0227838262279823
29,0.0045623340718473
30,0.5923169837482922
31,0.36748859597273636
32,0.7342973259033876
33,0.6073005152558666
34,0.05760883245744834
35,0.0253209259301016
36,0.48039287708563827
37,0.05116964212011175
38,0.11708997651543596
39,0.03903210679709915
40,0.4077330411444457
41,0.5970192588759891
42,0.4213514707458035
43,0.2370115793645456
44,0.32646398557367473
45,0.30548033027222327
46,0.12433939503842531
47,0.10925708126436576
48,0.34625835470150046
49,0.2287780003412882
50,0.40826290069177773
51,0.7859623283184423
52,0.29190242480652534
53,0.18447337228990895
54,0.4958036404779497
55,0.0081573551749694
56,0.01350603851218295
57,0.6364406781870849
58,0.7067626571548316
59,0.3631921146694619
60,0.02237038122977145
61,0.6289389805651533
62,0.13150770619830005
63,0.1034386467623581
64,0.758257861234633
65,0.00901675695489965
66,0.200171554380004
67,0.4020823701722025
68,0.007313520718390551
69,0.6058182295249384
70,0.5246662871568987
71,0.6600869195286423
72,0.0702022724409521
73,0.5066981709367755
74,0.8157483714951326
75,0.02412362978187095
76,0.14863500303426186
77,0.11358813834961384
78,0.16290743079766876
79,0.0050914664671559
80,0.4523683536483561
81,0.7388287722730059
82,0.8130507982783692
83,0.20640067375979204
84,0.23991300916023384
85,0.02843453039162435
86,0.058539071896880096
87,0.40015447627615996
88,0.34513160595874226
89,0.23991300916023384
90,0.15680769671164696
91,0.18604339061384884
92,0.7898103281850113
93,0.7926431343060631
94,0.00465184499762115
95,0.02304630253034565
96,0.18781892314593907
97,0.5514357614359053
98,0.3425109050592726
99,0.6997717142974897
100,0.01239613906259365
101,0.770338553711647
102,0.0046496736656966
103,0.5896392776104262
104,0.00644640941992955
105,0.6860984813131352
106,0.23451294983698723
107,0.10008171849987771
108,0.00516634905305285
109,0.31833030983886645
110,0.166083121455699
111,0.0713250931209117
112,0.5053827709280722
113,0.34241569952277884
114,0.00666175390529935
115,0.8074336359707005
116,0.019865835521505497
117,0.0052237397123309996
118,0.041026177514717946
119,0.6682397282574395
120,0.1086542887015257
121,0.0355454356706343
122,0.22911615315195324
123,0.36679042404856665
124,0.2644879271527393
125,0.2822564609262822
126,0.6457446776430544
127,0.32664416010125774
128,0.20493264624694751
129,0.13451191805037743
130,0.0820656860762587
131,0.0490803092835019
132,0.0050709183815611
133,0.026535696581325652
134,0.30081725172499907
135,0.032689140006047154
136,0.04944859397456735
137,0.0078291238969819
138,0.040760295143510705
139,0.16710882618973455
140,0.005475700306300849
141,0.006530869599175549
142,0.0938098581598465
143,0.108536756783606
144,0.32500873195936825
145,0.18983190466814284
146,0.38327033923527937
147,0.00912835450281475
148,0.0065497849749451
149,0.7385049475023351
150,0.01439580968929815
151,0.6716098682638929
152,0.4857263283349321
153,0.041332218061969905
154,0.2974319516348055
155,0.6581982444946555
156,0.0508032584831099
157,0.08290405344696924
158,0.0527316771097916
159,0.10749650151483325
160,0.3337275049506637
161,0.6851044081116799
162,0.0970995515066603
163,0.03168318441329365
164,0.5221987173927155
165,0.0576245465733438
166,0.022995578042401852
167,0.19156660323840125
168,0.0329460683337878
169,0.624821280869772
170,0.7216140959691857
171,0.0157762431691757
172,0.4093731294698587
173,0.41232451483070304
174,0.10800215323202036
175,0.5918047267975408
176,0.06293271239690225
177,0.09747079415835974
178,0.01229085318137475
179,0.8321863561810576
180,0.1483345785087677
181,0.07535572843098146
182,0.02708697197144845
183,0.12389561463679376
184,0.1707807867334813
185,0.0088281784899104
186,0.11513393114329354
187,0.0083264200540107
188,0.040985442005255446
189,0.011864574627609
190,0.006687134782434051
191,0.00623112881361125
192,0.12790842326742344
193,0.02536099538339365
194,0.41013444221256645
195,0.094934377518086
196,0.0273933572363333
197,0.1822423473868932
198,0.4668199096172515
199,0.5063704099436115
200,0.5262129207782819
201,0.663602255936486
202,0.23399081217428008
203,0.7529649612773701
204,0.19725020323734188
205,0.00824758646581675
206,0.0662297201046351
207,0.6110761521990314
208,0.7312107194846227
209,0.41851900595394625
210,0.34599080896443024
211,0.0830365547479262
212,0.5887047517229709
213,0.009926613503565
214,0.004248056949624
215,0.6677984418291458
216,0.8020167120412298
217,0.6916571080639948
218,0.2795274273204394
219,0.4028497342044497
220,0.5105300705888689
221,0.015434527348749
222,0.0742651166209206
223,0.14013991754564276
224,0.02913567492406445
225,0.648436765136303
226,0.29261708955094184
227,0.0433916034163489
228,0.40588048435182345
229,0.3860317389949204
230,0.0053059710131941
231,0.00807822447211275
232,0.33272079993096365
233,0.00562382607771005
234,0.0136913987373635
235,0.042576734917529
236,0.72597307433705
237,0.3412863577817374
238,0.0892732114683389
239,0.37757152593025634
240,0.22854384729535335
241,0.0102030777330188
242,0.14874419605306516
243,0.4953944309171823
244,0.056424156029968156
245,0.06579524761885674
246,0.00825023040767295
247,0.0031613966160136996
248,0.08446102751164901
249,0.03066468956154815
250,0.00330400988740305
251,0.018712843395071052
252,0.10009579303751726
253,0.45192239767668135
254,0.35706133784238236
255,0.6160643396300483
256,0.11357178442154545
257,0.17667744607146713
258,0.2401395882153538
259,0.6949937455706567
260,0.1017087658565675
261,0.34326772035313324
262,0.27891666527678766
263,0.4548006559230946
264,0.6359743086520064
265,0.33661476245575006
266,0.5958890561125396
267,0.23255012691995147
268,0.21891368643529516
269,0.07235492204087379
270,0.0082118709780296
271,0.00462550327010205
272,0.35662316513500125
273,0.5230838367213464
274,0.06427685353008875
275,0.40828722235082826
276,0.0221106578203158
277,0.0493083625841288
278,0.1561474125555332
279,0.0456903992900437
280,0.5929145328934855
281,0.09551271803239005
282,0.5692889855364052
283,0.0045990901369949
284,0.1994609764885763
285,0.011508415498349751
286,0.00367006493099655
287,0.00555498121733195
288,0.08935717688303185
289,0.7300319769459083
290,0.39524712439053844
291,0.6116954114348953
292,0.04558884247754155
293,0.5723643250652217
294,0.6446369040044839
295,0.07938377762448025
296,0.09571463244236425
297,0.48233653151492495
298,0.00444497947571755
299,0.2730547755071304
300,0.019739165408704747
301,0.12338166578597651
302,0.10112020318875031
303,0.7189545448564011
304,0.0121799702408501
305,0.2272267253887911
306,0.2735223923947102
307,0.6022401319433492
308,0.6853568284525406
309,0.7482866063429814
310,0.0611820816872267
311,0.0051658381015297
312,0.0767170913641399
313,0.035461222791854
314,0.49432127997771835
315,0.7518236724208958
316,0.02431171054813
317,0.3393212695386153
318,0.7808413996949817
319,0.5183008271463627
320,0.41933458670033735
321,0.7315605204930604
322,0.5245211360600465
323,0.11490978254565071
324,0.00914962670162405
325,0.7859313070899699
326,0.00962911942401825
327,0.23298917809067565
328,0.0047375722917023
329,0.39274999396532706
330,0.1490643582646291
331,0.3607736623295855
332,0.2307969132515475
333,0.1808712398539796
334,0.5697428522682466
335,0.1029104594851621
336,0.00922403851591025
337,0.35648554736467214
338,0.014773117304854751
339,0.00984585325100675
340,0.5293641175045094
341,0.36790585787689506
342,0.11857064733689265
343,0.26114637342539115
344,0.00516860137522705
345,0.0394921914314088
346,0.4023837187330581
347,0.4342868161997968
348,0.0090776299459063
349,0.3627191230770169
350,0.0429838639193485
351,0.01888855204124985
352,0.41114440556348597
353,0.042981574735612205
354,0.3271244165141398
355,0.01081203679952955
356,0.7216928159755382
357,0.5692595313444545
358,0.7408145302272485
359,0.5530467637359566
360,0.23434786405847963
361,0.0085629865752098
362,0.39821779828834325
363,0.10378545056541355
364,0.31111738616834567
365,0.006159473035513
366,0.04571584549422725
367,0.2141610210492988
368,0.053833066190303105
369,0.07775847070061645
370,0.03840186891630855
371,0.36446931541718885
372,0.022370021333711902
373,0.8002198480172347
374,0.01093062481204415
375,0.11670527193722605
376,0.169094736322535
377,0.16701296373360563
378,0.6983076064453226
379,0.44333930656448994
380,0.30185029907584654
381,0.041508647078782546
382,0.029834345777032898
383,0.30323628960329274
384,0.27784914260851123
385,0.4913804437711341
386,0.5257311533629994
387,0.004079895518913
388,0.0034228490288747498
389,0.0051813000521752
390,0.766901327871313
391,0.00850122819230095
392,0.624928742045658
393,0.4547770619992596
394,0.05713220847869875
395,0.4368220577891715
396,0.0401937478438619
397,0.0496777152805559
398,0.14323703418568645
399,0.01001988569739695
400,0.3373360223042228
401,0.10568115195161595
402,0.0075712195162209
403,0.18123862629731446
404,0.00641239087388695
405,0.5572657364115254
406,0.6350278884389651
407,0.42146958305300986
408,0.2423209907319096
409,0.02089290758275745
410,0.03749923099388135
411,0.0319419277780707
412,0.5735082100684541
413,0.5308332192278411
414,0.33933553898212016
415,0.17385095506076925
416,0.0248409486008563
417,0.475913205459784
418,0.052566309441154646
419,0.06539135033136251
420,0.5120712189293253
421,0.22932982429004523
422,0.450035016055933
423,0.10296674581088945
424,0.0614972796238787
425,0.6057979403310603
426,0.180662640625892
427,0.02486550897201155
428,0.7922866781787385
429,0.23303181868317474
430,0.0123112310491367
431,0.0763345044006692
432,0.5547222814924191
433,0.6111007136387635
434,0.6072324030737597
435,0.6772740049200204
436,0.0149777061065607
437,0.0068040368274204
438,0.21630530542214504
439,0.5260022077056655
440,0.12492334333867575
441,0.30712650379695805
442,0.16477849190532007
443,0.052846371841105355
444,0.33846045418498266
445,0.005363058748364151
446,0.0112938865607203
447,0.01152754461219065
448,0.43610128685456545
449,0.06910195006063691
450,0.5622748223501485
451,0.5306979766496236
452,0.00574642260226375
453,0.5730913222956486
454,0.0315557894010097
455,0.16921569297183525
456,0.16879028492307824
457,0.0073020131070254
458,0.01351733057089605
459,0.0666509533067277
460,0.2255437083808749
461,0.0067845794241057494
462,0.00590764288688005
463,0.04154764056600355
464,0.4371160885629337
465,0.19831512506339685
466,0.0125989554355562
467,0.7240337597792046
468,0.19891090122554825
469,0.020196725331279253
470,0.4971349587815264
471,0.3866926741191067
472,0.33976408113362466
473,0.27828148814379494
474,0.6373432504170398
475,0.012011951365132249
476,0.7156078281366931
477,0.034854676079185395
478,0.04389652095027225
479,0.14359629890462366
480,0.3434939556263451
481,0.012668323988156151
482,0.28577007571114343
483,0.593294176391074
484,0.0758799504501559
485,0.34114956024062215
486,0.5370470973248612
487,0.27440984177190064
488,0.01089327750753545
489,0.037748849257988604
490,0.7522779463807827
491,0.36854858858592576
492,0.25342174333578826
493,0.056863099591123595
494,0.05319180290022971
495,0.0092071337776329
496,0.0359008325494706
497,0.0246561448723885
498,0.6492989596164974
499,0.0540086962837814
500,0.7391909082792802
501,0.0124018611649942
502,0.2228520561434051
503,0.39673541014779246
504,0.32444802835562736
505,0.0105533837967887
506,0.1345788032922338
507,0.2632985796108739
508,0.5388214850776287
509,0.08683604297504785
510,0.8008287298147239
511,0.3046575586310525
512,0.5719604083302509
513,0.43916937984870374
514,0.1563315427958807
515,0.06215342594581275
516,0.2641977028995667
517,0.8551358483147882
518,0.5414084760186936
519,0.00415284201574365
520,0.5422494626842418
521,0.03925133116138235
522,0.006588650851544
523,0.1171172314098668
524,0.802788402126823
525,0.15919022774398456
526,0.4195905733584709
527,0.0923788400392695
528,0.6610681021144176
529,0.0790240985117626
530,0.01658755141437345
531,0.06342935468285965
532,0.14988636253837745
533,0.3248734234481354
534,0.759715097783043
535,0.6158541037916225
536,0.5370998758986076
537,0.036629748069861454
538,0.4053692428556823
539,0.15132996371486826
540,0.5004729091228642
541,0.7217408875379834
542,0.18763429106330215
543,0.12169469633583616
544,0.1342238137608682
545,0.41632968657041614
546,0.47477265437197064
547,0.0148720783177815
548,0.39036330185918194
549,0.0354136925863606
550,0.0871649119112886
551,0.01663173958792435
552,0.0044824564147907
553,0.16781236977811215
554,0.06369200141818265
555,0.0350684565019986
556,0.7138961949300779
557,0.6505069259600815
558,0.06059100241012545
559,0.3759527617620787
560,0.5207405597186259
561,0.00514188635775195
562,0.0203669686483914
563,0.021230415330757098
564,0.2306700112141021
565,0.3699193907409636
566,0.7338729170674074
567,0.10174308282121966
568,0.4936980989640729
569,0.06651510974703705
570,0.00550973468361285
571,0.7194366847703921
572,0.7020336457642944
573,0.21657414424266874
574,0.00443040160209865
575,0.24390428282468535
576,0.2658916505444088
577,0.5341721675374129
578,0.3227185265865138
579,0.6883951943345867
580,0.01257399705276345
581,0.642467205094176
582,0.00641151295292335
583,0.01494592589824265
584,0.24302919246498245
585,0.01035453079263365
586,0.15542396339933806
587,0.04090802790021825
588,0.8022084170577333
589,0.37626302198773104
590,0.8431817737515535
591,0.056574739198539545
592,0.7233777410675895
593,0.0346142296282951
594,0.39726110753599386
595,0.5985512055499376
596,0.0046705620615373
597,0.40606862970482116
598,0.44620704640507314
599,0.0187459037185531
600,0.00601941620114705
601,0.20609789172659726
602,0.0934895680546469
603,0.5699278196201127
604,0.013647991102572952
605,0.2658497268798271
606,0.14346016036843776
607,0.6092191596357848
608,0.0401224488125463
609,0.17662644798850186
610,0.5292046800487797
611,0.19792611263734838
612,0.3933331293319829
613,0.18537913868936215
614,0.032509740549035396
615,0.0099132550825295
616,0.5593493002075929
617,0.12441859374703075
618,0.01805978636572015
619,0.28858501360742816
620,0.038455948988800295
621,0.38877184349040617
622,0.5539783003613963
623,0.8164882061475103
624,0.025422621033818302
625,0.15080501742124214
626,0.01378746889184595
627,0.032674978373036054
628,0.6190662520043859
629,0.1470389859577801
630,0.4886708625069167
631,0.050695647435934646
632,0.6267151326125674
633,0.03102362648111285
634,0.6036827147608634
635,0.009790207023135
636,0.04675524294252185
637,0.18832128032619724
638,0.20587806870299985
639,0.6404572310706036
640,0.7637740089807479
641,0.24600713645553646
642,0.12379914580984545
643,0.12469845499514715
644,0.3115873071935795
645,0.02186206361406955
646,0.06312218636906886
647,0.06916636883921709
648,0.0053083504890970995
649,0.09417591436872545
650,0.0159413120256663
651,0.7891616334939258
652,0.0213669444961473
653,0.21982988895144162
654,0.19863962318487405
655,0.5739363775206281
656,0.20607992870981706
657,0.12436273121155055
658,0.05441886900281855
659,0.30288129540541747
660,0.07297611850452934
661,0.0444515684288756
662,0.35255993349969084
663,0.2897910311976548
664,0.010676152528430401
665,0.6907157404312092
666,0.8488469102123373
667,0.1455098696683889
668,0.01650547684301535
669,0.007600214718626251
670,0.0430131663724735
671,0.45707705865014336
672,0.6468936007496515
673,0.36310319305150335
674,0.6886565189240679
675,0.10947911417255504
676,0.0088114438697372
677,0.25896962897042153
678,0.2988840827459154
679,0.6769693234194246
680,0.4590704013822696
681,0.14995821619048869
682,0.02065769157612675
683,0.45698153023801014
684,0.02757025859425705
685,0.4285683682099821
686,0.04797211160617765
687,0.01413683017980745
688,0.42248903700486107
689,0.27864536884086744
690,0.6516234214896869
691,0.8347980940025884
692,0.37697866427835847
693,0.27116457672258054
694,0.0428064708401612
695,0.5932776007157758
696,0.31011736432548453
697,0.0100809874659595
698,0.018759013076733
699,0.0981351403034367
700,0.06452144379123605
701,0.14389304080620374
702,0.0820669241933892
703,0.09811907044184251
704,0.8291541432707535
705,0.01065693250153855
706,0.0926988086495936
707,0.6781389458397511
708,0.0087198003031712
709,0.08401431068037095
710,0.051782438467845956
711,0.2005487860876835
712,0.2351044179829799
713,0.21317391490589344
714,0.15278077451174665
715,0.1252249389564973
716,0.7470885437856551
717,0.01065558522312895
718,0.4353110859494054
719,0.8116625160085356
720,0.12631425750326336
721,0.13904608167351723
722,0.19903321336527885
723,0.48498946032883455
724,0.07809766361711726
725,0.7227898941597497
726,0.02067144482771915
727,0.5781220192917009
728,0.24760490551902725
729,0.037028124042119456
730,0.0068517876146878005
731,0.7673860417112672
732,0.007359140335534401
733,0.00771076186195125
734,0.04130280339233275
735,0.6616097174547046
736,0.00760810178894695
737,0.29330156820599074
738,0.3879622207938894
739,0.4770680552751916
740,0.32211379009192176
741,0.369102300010684
742,0.3556541726744519
743,0.4538674754244325
744,0.1485624210670652
745,0.2062022990023219
746,0.0670325482835214
747,0.26651989587724223
748,0.00517584862332385
749,0.6184346433879154
750,0.4293425651577719
751,0.025092913562587603
752,0.1832224404314043
753,0.06899348477253595
754,0.6459974854829633
755,0.10799106825663474
756,0.22210085650127104
757,0.3863727063704796
758,0.04356816705507165
759,0.7189138770389345
760,0.4410609635969331
761,0.5962163175411346
762,0.8145831255007867
763,0.1360971960462947
764,0.13892828252800987
765,0.10604989574265275
766,0.47527371042835925
767,0.09288487847683499
768,0.1515142855608264
769,0.3645224887504738
770,0.6198312628313769
771,0.036723281576883704
772,0.6973976040423819
773,0.1948627917391299
774,0.5295280149932671
775,0.053366246238591694
776,0.0493996176930172
777,0.6084547050903406
778,0.02929405859350585
779,0.5692766228979115
780,0.07689408955399644
781,0.41292042141605456
782,0.5635383235988887
783,0.6601594481540373
784,0.0069298460495785495
785,0.5651943441376176
786,0.14671369013001995
787,0.19088380357699875
788,0.5156265303471421
789,0.010345630689793599
790,0.6115237267291923
791,0.5880567116305075
792,0.01849783836465105
793,0.5636527132367006
794,0.6555306138970689
795,0.5469148687747334
796,0.3191164189185127
797,0.008428480125702499
798,0.07802056891824921
799,0.02339189336966075
800,0.21253264136354336
801,0.36231405608813827
802,0.020651692076675998
803,0.7197010945581648
804,0.00583224159749405
805,0.20249887217158954
806,0.00823861612304205
807,0.579757339926587
808,0.16863712612558054
809,0.2815510911343898
810,0.1649310074875771
811,0.2905418081843371
812,0.2989034277109157
813,0.14765916305031615
814,0.0260807937262649
815,0.7395939918898389
816,0.1693038422403103
817,0.4100552863074939
818,0.0165824403476505
819,0.03499271789321995
820,0.0942358836086638
821,0.8089361023598334
822,0.0081603866880606
823,0.02181131800677035
824,0.05899650858499085
825,0.037143119493953
826,0.0209278289604132
827,0.4654320346009181
828,0.7489930289436895
829,0.7300005000032586
830,0.8493683120343529
831,0.7643598508092593
832,0.37093994760685267
833,0.40905561033075666
834,0.2908237614043332
835,0.4468564839929351
836,0.07951400950463336
837,0.6809026884153864
838,0.4894701268754233
839,0.36535492047596574
840,0.3228263097021784
841,0.26420241224806945
842,0.1475488559081775
843,0.44337643557105466
844,0.0075362404371062
845,0.4058182352174382
846,0.6174993208366195
847,0.7934754676375406
848,0.01371199406340515
849,0.29059652153952314
850,0.32807184438817494
851,0.1115922335441671
852,0.0097028553531174
853,0.26344236749899186
854,0.3533433746725683
855,0.0452133678034484
856,0.5467772553298341
857,0.1201896049269606
858,0.6789378357012441
859,0.00824124357997195
860,0.5439220709091308
861,0.083807393644173
862,0.07566192344052536
863,0.5552181112352061
864,0.1840059218366764
865,0.01641420888087905
866,0.0727689647728112
867,0.4851641405929889
868,0.345070979502223
869,0.37428913901081184
870,0.6451872715796503
871,0.09431787488930925
872,0.1041171940927588
873,0.6064576196482572
874,0.6491183007717761
875,0.6188718076216089
876,0.28018920760883514
877,0.1091756266610798
878,0.01549684347699785
879,0.14187155618517922
880,0.1394708651085011
881,0.06569730273705675
882,0.0041180224708149
883,0.8045767328290669
884,0.021233051626589748
885,0.36136609426984867
886,0.3514268582098813
887,0.01461310872995785
888,0.061436786823023753
889,0.24034049032770344
890,0.3245366234771381
891,0.086337667833878
892,0.007469860516870951
893,0.7756856122081587
894,0.08308152109407975
895,0.0310301505533627
896,0.02459780746300485
897,0.4494453656205725
898,0.058404980165901954
899,0.8287564824403173
900,0.0105981372316983
901,0.27379862367917174
902,0.09496626780942419
903,0.06201659534014756
904,0.2091392655523429
905,0.0068013770766416504
906,0.607586345075577
907,0.00501589298880025
908,0.03472739584483765
909,0.76410387737629
910,0.007448867153444
911,0.0374516195788948
912,0.00677776258100245
913,0.554239055142139
914,0.13712560543059224
915,0.03029193714070835
916,0.7452668965260726
917,0.5154881183948624
918,0.2425303638116382
919,0.6942843735672466
920,0.18322237447032705
921,0.7932024503009873
922,0.21165998417505855
923,0.03499724863515905
924,0.5897387290037328
925,0.10621338657423984
926,0.1001198354208056
927,0.36686288528101624
928,0.0953276314024896
929,0.16428049830955666
930,0.6438100105292417
931,0.4697818391164327
932,0.7475635155798683
933,0.04976126017158215
934,0.08929653876503585
935,0.0384393866855548
936,0.00784574364074345
937,0.3221518738706868
938,0.17509380977005284
939,0.015306301217537701
940,0.0034064824987767002
941,0.6414962884211033
942,0.5172791655813738
943,0.00722103227098425
944,0.14132873566658943
945,0.7075989809012107
946,0.2678432463195711
947,0.0134484344667517
948,0.10102271664282156
949,0.4550405469635004
950,0.7144017495801934
951,0.046898624260983096
952,0.3770936361270194
953,0.4606794197078466
954,0.16388483415992094
955,0.13085675714113093
956,0.1354703518336998
957,0.34155060337357945
958,0.04932243554595355
959,0.11706695015185335
960,0.45367363387966864
961,0.45254017342134734
962,0.1824140435802346
963,0.0162862908825219
964,0.525576360476794
965,0.7731411595510487
966,0.2313350659493145
967,0.00507820049904935
968,0.1085564232186898
969,0.035836655032253154
970,0.0098625753662148
971,0.0097802717704655
972,0.47020718895839997
973,0.125100971283868
974,0.00598532789430525
975,0.5825897149637576
976,0.09283903183390685
977,0.045774667428643
978,0.4957750243861334
979,0.046764093021110995
980,0.6920506833731417
981,0.10098152016858855
982,0.46728615710649024
983,0.006734292976959
984,0.5825822560251637
985,0.02061419337595335
986,0.04909097290992255
987,0.6335476088637008
988,0.42731209783242985
989,0.0267086210430149
990,0.6931129823702022
991,0.6551528692751611
992,0.194008788109799
993,0.13035645625618442
994,0.7087811181658639
995,0.4568193530366228
996,0.20045831704628245
997,0.0035217474964183504
998,0.8115551298291435
999,0.00358104834770005
1000,0.0169149040102474
1001,0.2843369033233688
1002,0.2390878004552754
1003,0.20648557173018234
1004,0.48700385306822436
1005,0.0062543054712386
1006,0.01747669192774935
1007,0.048991105454615796
1008,0.0640115445050356
1009,0.17319806361102125
1010,0.6224487548811989
1011,0.4224718067321265
1012,0.15644718546305492
1013,0.2460087904922594
1014,0.09377719490836944
1015,0.007851778390343449
1016,0.0040554147606059
1017,0.13343106568081659
1018,0.6375018903620393
1019,0.7912524573634525
1020,0.6686910040489551
1021,0.008669621127698899
1022,0.10295234742682145
1023,0.00741700454405985
1024,0.097163516613091
1025,0.8196170928872637
1026,0.5380091306428905
1027,0.0631156353502869
1028,0.05194450333540985
1029,0.7383200099057708
1030,0.194078439845855
1031,0.0036948138086381997
1032,0.03856676180393985
1033,0.10624908404409644
1034,0.0824729724654561
1035,0.48078913978559223
1036,0.6899945472989131
1037,0.14739285956597403
1038,0.18109167112377836
1039,0.008645709267372601
1040,0.47739492557179675
1041,0.2391879551285676
1042,0.6379953883856855
1043,0.0051367676130988
1044,0.045491980167605
1045,0.00605180968666775
1046,0.0169508352176454
1047,0.2576204704043774
1048,0.7228148308041766
1049,0.045225424766517794
1050,0.21319095786365538
1051,0.10032639249702954
1052,0.1099971433935109
1053,0.02044410616419475
1054,0.0078552273721087
1055,0.047737223245206045
1056,0.12784681403729653
1057,0.0741917022499156
1058,0.14752693537286005
1059,0.5628880642230754
1060,0.39305261040053163
1061,0.0361863201203815
1062,0.0594294203471087
1063,0.03694758625148625
1064,0.1415405054068977
1065,0.39667812342045583
1066,0.10842626281084625
1067,0.14410473963344075
1068,0.0111713272225013
1069,0.0038626887926168996
1070,0.0377014249297871
1071,0.15356732247614996
1072,0.10069287186831274
1073,0.12274642076971315
1074,0.0306994571541737
1075,0.00984143251325245
1076,0.0499160263692373
1077,0.3127352600872556
1078,0.19154979675864114
1079,0.6425123211950696
1080,0.018371560532478202
1081,0.858767789224733
1082,0.5539647125786624
1083,0.03403523348005005
1084,0.5336182803630493
1085,0.4016792450026857
1086,0.46501054172419964
1087,0.01821378217225895
1088,0.694293896167065
1089,0.8131455064440731
1090,0.1831929938066571
1091,0.6777188774082084
1092,0.04497369241922515
1093,0.5337176188989148
1094,0.38757180912948896
1095,0.059020764295101905
1096,0.03356657194447095
1097,0.2336131564402868
1098,0.33150971723231004
1099,0.1175030823259036
1100,0.46732123786742347
1101,0.32648033633661977
1102,0.1395366693805922
1103,0.043919617378734704
1104,0.015065197037428701
1105,0.11208352666438885
1106,0.0075965237527649
1107,0.04657685168219265
1108,0.0045816592770464
1109,0.17697897559943684
1110,0.7149606068358982
1111,0.045485148239794604
1112,0.0043385373043687
1113,0.1051478405107492
1114,0.0570806253608492
1115,0.60325566835897
1116,0.22268479568838695
1117,0.1416703346258598
1118,0.0386381583889704
1119,0.15175678635674605
1120,0.04631499186363765
1121,0.1916113208483071
1122,0.5158103238853536
1123,0.5399927426252402
1124,0.01142977548633805
1125,0.00770303882842125
1126,0.37831592814563997
1127,0.4731545185950442
1128,0.1739395517113199
1129,0.43809694052003656
1130,0.3961907653445274
1131,0.02912123417602045
1132,0.0762672857759919
1133,0.1987342871565951
1134,0.6447440618361189
1135,0.5988178462467615
1136,0.0061319229941308
1137,0.0307914579543103
1138,0.4900332528334621
1139,0.006945616795257299
1140,0.6592048951668508
1141,0.5846366932585647
1142,0.08881277199144269
1143,0.0734221183627391
1144,0.4660250910821037
1145,0.25742715215119644
1146,0.1852118299301343
1147,0.1566349359992425
1148,0.00757094912542655
1149,0.02982581118631535
1150,0.4393365948645621
1151,0.43924109239436465
1152,0.4234747714699117
1153,0.0062499299171183504
1154,0.2256223562408132
1155,0.17515589884613494
1156,0.0035054888500165
1157,0.22207322173158556
1158,0.45104069834795657
1159,0.7924991598111102
1160,0.00461216907167295
1161,0.31746732244300135
1162,0.26830703196171923
1163,0.2625529290612609
1164,0.00627663338149165
1165,0.5797868748876005
1166,0.11658708304259965
1167,0.00885799564418185
1168,0.1764041262723987
1169,0.00414857027171485
1170,0.061168584245761
1171,0.0382530648984255
1172,0.22903103683445858
1173,0.0723986671682374
1174,0.13119965728967103
1175,0.6209210482137073
1176,0.1793853167036267
1177,0.0136447347835052
1178,0.5894554578979991
1179,0.06845897918873955
1180,0.019411739350060048
1181,0.00777549692583505
1182,0.29414515331939317
1183,0.042780600745275954
1184,0.10656047682438435
1185,0.17729728671786188
1186,0.6701109283469557
1187,0.5328090688749296
1188,0.0036959731515071
1189,0.10905933059766715
1190,0.12350530404444696
1191,0.02362799229422095
1192,0.2209922308146556
1193,0.3943159536259583
1194,0.5524826837719063
1195,0.03805168812802575
1196,0.10772422225746005
1197,0.04225414459071835
1198,0.0131113684520964
1199,0.24803797730911445
1200,0.06530657461671545
1201,0.009390944345669151
1202,0.016742655436488
1203,0.502705236763518
1204,0.20563976707157078
1205,0.19830495758558658
1206,0.44797306350804733
1207,0.0446610963457168
1208,0.4806490327784023
1209,0.055216796540439456
1210,0.41836391778718995
1211,0.0222464120291873
1212,0.0619396959244385
1213,0.836617913326394
1214,0.12635107627940334
1215,0.39734402563473303
1216,0.25461678045905023
1217,0.7016792993848703
1218,0.275377454554311
1219,0.07962202266631985
1220,0.0065252682718151996
1221,0.3546326344830834
1222,0.8120464338747242
1223,0.3687801631041382
1224,0.032202054068995
1225,0.36514010534392405
1226,0.6939795400099107
1227,0.6914949548402034
1228,0.6563852521005615
1229,0.7444029444311331
1230,0.006503254183355799
1231,0.6309004077933615
1232,0.7142439836147879
1233,0.5594486569312458
1234,0.23449753541495205
1235,0.00522871557645515
1236,0.8483437811696566
1237,0.49893129203855524
1238,0.6725841987809676
1239,0.0072056931412804
1240,0.243734810404434
1241,0.09131016259120489
1242,0.009160149141279099
1243,0.757959642437745
1244,0.0059644139784113
1245,0.06779041220623565
1246,0.4535726437526612
1247,0.16639013656894913
1248,0.08296925232863775
1249,0.11847321134588926
1250,0.03634627349777225
1251,0.3744752798337314
1252,0.00443440407000665
1253,0.8157852041324931
1254,0.12872996096002054
1255,0.0036257446232686
1256,0.6126237797914666
1257,0.6111346316744334
1258,0.0036654649915782997
1259,0.4683013023625427
1260,0.794881292555867
1261,0.0121071607113118
1262,0.20972121702959234
1263,0.33585576541016704
1264,0.26298978606149104
1265,0.29022957555400275
1266,0.47627240808555227
1267,0.3584219338940303
1268,0.5946616350862898
1269,0.3570610157929479
1270,0.008934823093994501
1271,0.009489629952715899
1272,0.12812843944758784
1273,0.02428719154734075
1274,0.0066616118562206495
1275,0.22340621578330438
1276,0.0153124906641155
1277,0.00332466622560205
1278,0.0905349261208033
1279,0.3065375153764569
1280,0.036696352213208897
1281,0.6497682895380477
1282,0.7665303999423616
1283,0.2909131792679496
1284,0.6089483558357138
1285,0.12166148701323284
1286,0.0840493541448596
1287,0.5482641432142916
1288,0.6470979599282627
1289,0.02071139041738025
1290,0.2275600324660203
1291,0.5505246854735732
1292,0.060743865742285
1293,0.0121006793835139
1294,0.2637681715811572
1295,0.3795866182462795
1296,0.03102116858356095
1297,0.35999971218739024
1298,0.5628596199293141
1299,0.5073658214237466
1300,0.6717587125457085
1301,0.7876222729807303
1302,0.043351667383836195
1303,0.6525487338475839
1304,0.15202817273652225
1305,0.07851760696314915
1306,0.25052920198192474
1307,0.025147965677296248
1308,0.1525099101246716
1309,0.7544072138445306
1310,0.06415210701323476
1311,0.4620081955005587
1312,0.4202933672990152
1313,0.03277652022847115
1314,0.024362565859586703
1315,0.38486212116566854
1316,0.00426999147994105
1317,0.5296717596496263
1318,0.040659119975353195
1319,0.0061769250212446005
1320,0.17586285790257794
1321,0.00575645134859455
1322,0.4380174811442832
1323,0.30051097228287327
1324,0.060732353472817
1325,0.4805816799619388
1326,0.6030949486584647
1327,0.1460666499628549
1328,0.7252552039787569
1329,0.35496880212951515
1330,0.7703187902728916
1331,0.23290691900737132
1332,0.16459740462156
1333,0.17782563814726038
1334,0.0083562629922309
1335,0.6823749150501215
1336,0.0209611228266949
1337,0.6422311366745521
1338,0.0066442374138955505
1339,0.7781988148762574
1340,0.02643967375444385
1341,0.2853744532785386
1342,0.017639499109477902
1343,0.0898646001567345
1344,0.04000187594322345
1345,0.10948833256552785
1346,0.034580529030603255
1347,0.009780464195666999
1348,0.7732447092058776
1349,0.027633565300909553
1350,0.01547985003483195
1351,0.02991356568226365
1352,0.015291897938142899
1353,0.39116741691389867
1354,0.2655329475564735
1355,0.5661398716537812
1356,0.07542704862821259
1357,0.3995920610908709
1358,0.0091782174409147
1359,0.23293957200710017
1360,0.16192105100574955
1361,0.15064573721597357
1362,0.5877847004447604
1363,0.023390104493354998
1364,0.15938424794020326
1365,0.43680636546856877
1366,0.2477191333176072
1367,0.0113729240378871
1368,0.1468958809728711
1369,0.04707260918230585
1370,0.0451769650449464
1371,0.7505671385795223
1372,0.0145852541716582
1373,0.20663408767548636
1374,0.017844878479910252
1375,0.2614933295672697
1376,0.083945278676927
1377,0.44945374104091507
1378,0.29992738435790445
1379,0.2191432393763578
1380,0.7409633491097404
1381,0.5696083081979217
1382,0.5223622284188083
1383,0.0051701902827303
1384,0.43667127315701115
1385,0.7227624416362091
1386,0.5680243219820877
1387,0.06328342730802425
1388,0.6055383317426724
1389,0.5621431228511977
1390,0.6150178965606988
1391,0.01314637666257335
1392,0.7727514920980758
1393,0.10427763749203331
1394,0.01080385419101915
1395,0.4962457145939918
1396,0.1255997952179979
1397,0.00822828292311975
1398,0.22737783211193074
1399,0.2145330837898664
1400,0.26494528904714876
1401,0.038895406665104854
1402,0.4637023648153207
1403,0.0106625028978569
1404,0.12368891610039653
1405,0.13879802395406224
1406,0.3773113965849209
1407,0.32519931880780484
1408,0.11404920911051339
1409,0.0053197722273015
1410,0.0604677526722032
1411,0.0059088607009149495
1412,0.4767350420171519
1413,0.5581782209790613
1414,0.0328697191174053
1415,0.1287245742020244
1416,0.212990984854154
1417,0.00736452916939625
1418,0.0965468398728674
1419,0.3500881792362377
1420,0.0599086067406265
1421,0.00443037233996665
1422,0.0070707947357975
1423,0.00706347534154725
1424,0.08353659582261305
1425,0.07531670907413585
1426,0.050291511017043794
1427,0.0988853568714699
1428,0.8103103026700915
1429,0.48359065180320504
1430,0.1048487360289293
1431,0.39577936817376086
1432,0.3554519866473511
1433,0.007279965377681399
1434,0.6001817064975539
1435,0.242500325518215
1436,0.3554714733095909
1437,0.14353273862905416
1438,0.43536193836074855
1439,0.4765004262688916
1440,0.26399231503754517
1441,0.43315663204294436
1442,0.15302064295160006
1443,0.5647932288078479
1444,0.18099141428568366
1445,0.11134410023338476
1446,0.2217815256635963
1447,0.204823897720878
1448,0.0583728021101848
1449,0.7911541240488139
1450,0.05147564831254805
1451,0.5868304133288735
1452,0.5371467181003746
1453,0.0088617607111266
1454,0.15530000599285906
1455,0.0284168866514928
1456,0.06925166384005005
1457,0.2537652243943059
1458,0.282239248264307
1459,0.7628929021090405
1460,0.6756137475656876
1461,0.0058351690283026
1462,0.00913379383442595
1463,0.3474002279786096
1464,0.5329927008657094
1465,0.5404571301707536
1466,0.02923628751770575
1467,0.009013407427890401
1468,0.011702220046496601
1469,0.49498039052297454
1470,0.3135999997559861
1471,0.03477435172329255
1472,0.36118497537650607
1473,0.31675611111916824
1474,0.42002745364265315
1475,0.8378841741583923
1476,0.06089981769095305
1477,0.01126048291763195
1478,0.3377225115415259
1479,0.3959793498349023
1480,0.0072908059728504
1481,0.39450302683229493
1482,0.00646769399959685
1483,0.17306861419075864
1484,0.18409267251542394
1485,0.37093994760685267
1486,0.0327688827924634
1487,0.0755850165684786
1488,0.2972579079174529
1489,0.1655696481116887
1490,0.7084543112946078
1491,0.011794627015791051
1492,0.0064981470004163
1493,0.23430270707146794
1494,0.6559984367315868
1495,0.3268751029015625
1496,0.25219849710581776
1497,0.15137419359625895
1498,0.16782378337115111
1499,0.13526926367217645
1500,0.045611531159326646
1501,0.06934359151059975
1502,0.004488452710003
1503,0.1025202415635296
1504,0.8736521973210964
1505,0.3829720484613241
1506,0.684876445604728
1507,0.21528776016982654
1508,0.654304669925164
1509,0.4133265419314408
1510,0.09038042055223039
1511,0.03681030164355795
1512,0.08667752517767549
1513,0.2397410352957105
1514,0.0415732087611082
1515,0.5004991842238407
1516,0.0504085312434324
1517,0.7006016944461115
1518,0.4083774971385752
1519,0.06290556224903825
1520,0.0299239083930441
1521,0.06265728035543736
1522,0.02392948441705805
1523,0.2140286142751241
1524,0.007172841840597501
1525,0.5553960592993158
1526,0.0662310535769649
1527,0.7095931480646295
1528,0.15138626670953254
1529,0.5373600431367861
1530,0.1589234178838856
1531,0.09439471787478915
1532,0.0057993529437192
1533,0.119370224708019
1534,0.024973721584648348
1535,0.11605860063570725
1536,0.05141795045643455
1537,0.38577404323414277
1538,0.00436848158680335
1539,0.480567466106111
1540,0.0813964455744006
1541,0.5921508375521658
1542,0.3841639462626927
1543,0.00375234698563135
1544,0.01865815824852005
1545,0.6228816595758626
1546,0.1643911332683883
1547,0.37962804058960475
1548,0.4856725143563171
1549,0.08939668380750901
1550,0.6764997265289164
1551,0.7366304092868514
1552,0.434170134452437
1553,0.0061691407162522
1554,0.00930825572013045
1555,0.02692862101205795
1556,0.3215100822225239
1557,0.5703901714347631
1558,0.0505932349698607
1559,0.0058301836892948496
1560,0.25389591060776145
1561,0.02205667024820395
1562,0.061623853245824145
1563,0.505916531054643
1564,0.10792740531874295
1565,0.1938795232079747
1566,0.014921405839819251
1567,0.04349899965617765
1568,0.6472162534702592
1569,0.0078618447377407
1570,0.4561915370001136
1571,0.057537745977440054
1572,0.18894569240194353
1573,0.015424602096223101
1574,0.5567127917011887
1575,0.7946513688558094
1576,0.0372270554737454
1577,0.029038279623608252
1578,0.26572344169251444
1579,0.2687154128557354
1580,0.6240096755360266
1581,0.0307229020960448
1582,0.3770936361270194
1583,0.00636254416323645
1584,0.561382095492734
1585,0.43559148146233073
1586,0.0256023056781578
1587,0.0592403319351583
1588,0.00574524896280375
1589,0.5501375294575629
1590,0.3512539108190521
1591,0.42779188735964924
1592,0.7556825890282061
1593,0.2421554207497445
1594,0.00332107700119245
1595,0.2886308678066331
1596,0.15350128091501913
1597,0.15213424546281412
1598,0.07955320195079565
1599,0.4885938961837284
1600,0.6907349005226663
1601,0.3924066010424829
1602,0.7551833773118393
1603,0.5977072270621472
1604,0.029687614964980846
1605,0.20939838350857545
1606,0.1327884767654112
1607,0.22187846923111998
1608,0.01434505709478565
1609,0.5587054559140756
1610,0.0361992455136456
1611,0.29507981312296105
1612,0.7506865027388301
1613,0.14604103108480102
1614,0.21595832452430755
1615,0.23044189710114904
1616,0.3856634157774571
1617,0.18533340378100893
1618,0.535454115898539
1619,0.5041717246519772
1620,0.01832726441359655
1621,0.34088125804044705
1622,0.0274404440716197
1623,0.3869891364555488
1624,0.0095877740365552
1625,0.018487983644820898
1626,0.00475981796077435
1627,0.0881297614480806
1628,0.5741942685117054
1629,0.2650627083508159
1630,0.050244359020787444
1631,0.02417632631561445
1632,0.3487159290663928
1633,0.15738784744712594
1634,0.12796636483959445
1635,0.00905670785665175
1636,0.01746793284812265
1637,0.8502914503644652
1638,0.6719288743238088
1639,0.5689924341730799
1640,0.524476462826752
1641,0.16709007541343884
1642,0.04637825168999125
1643,0.1932861771998874
1644,0.26249164979344286
1645,0.2136610042757767
1646,0.0211885341232672
1647,0.4006844302735182
1648,0.20358504557012505
1649,0.5853550725790777
1650,0.04857673221509495
1651,0.13575215055077033
1652,0.18647242150969678
1653,0.630220239374705
1654,0.007744213023124899
1655,0.5767339603493438
1656,0.03981049719773335
1657,0.0158822505344376
1658,0.019825332738660148
1659,0.38999788933377977
1660,0.20956621097547995
1661,0.01132032511684105
1662,0.0071162174341001
1663,0.3010368873625212
1664,0.20349063154331604
1665,0.7643468247487248
1666,0.1810861789323957
1667,0.14312107579480224
1668,0.0164624716161154
1669,0.0642877275031655
1670,0.7509200974609149
1671,0.3259539200876911
1672,0.1140408248076451
1673,0.1058357668551462
1674,0.068820356718209
1675,0.34582647606903455
1676,0.4755307019651552
1677,0.009274209194998051
1678,0.48833876690511724
1679,0.28267705812807953
1680,0.10654704706265244
1681,0.010153429874164451
1682,0.6642120680081436
1683,0.39066731971116975
1684,0.6721268780679107
1685,0.022740718532974
1686,0.7638228114477402
1687,0.1638637981678579
1688,0.5036187852726146
1689,0.04001416315062295
1690,0.00791785949379145
1691,0.35506491089211767
1692,0.11274626812842714
1693,0.3323336237400114
1694,0.023805431595218453
1695,0.19019849917551285
1696,0.5311941785453698
1697,0.29032796668051075
1698,0.11781270402458843
1699,0.10209164228776735
1700,0.057891276670631896
1701,0.19642887126825548
1702,0.009665473623701
1703,0.0133562349721148
1704,0.6889445268557689
1705,0.11015722422100185
1706,0.46426323457752483
1707,0.18024719207619455
1708,0.6033817190677715
1709,0.5488451068141494
1710,0.0085076875962063
1711,0.4639752614223962
1712,0.052084714268895146
1713,0.5520400155774527
1714,0.0788933694282778
1715,0.009436033041573
1716,0.26904351946576777
1717,0.0028772843764759
1718,0.02277384951876555
1719,0.3359417454500758
1720,0.00410803290383855
1721,0.6282534980416945
1722,0.4590995794941683
1723,0.013409670141031001
1724,0.5882032332145624
1725,0.4922329341916441
1726,0.536228975126998
1727,0.03676654834513585
1728,0.0121764516444468
1729,0.7561734385888651
1730,0.7530313660152841
1731,0.4602386746785111
1732,0.4020916119527876
1733,0.03723250480718655
1734,0.23917636459064773
1735,0.494951451740854
1736,0.0666492599378781
1737,0.6687225176962763
1738,0.0158786174610107
1739,0.0129868232783143
1740,0.631434883433911
1741,0.14927822246603414
1742,0.0050178933756775505
1743,0.30004242279009125
1744,0.023209741607867748
1745,0.021893266831456648
1746,0.32652966357862434
1747,0.0108811113717901
1748,0.0515023586065312
1749,0.00515602641285785
1750,0.3315123636808394
1751,0.533325141650169
1752,0.14929061485617384
1753,0.7375873385061278
1754,0.08402805564112381
1755,0.053960758160671696
1756,0.08987906757275074
1757,0.0242525470153368
1758,0.7712691339315392
1759,0.6006077633563556
1760,0.01106525698289865
